"","10P10V1","10P10V2","10P10V2A","10P11V1","10P11V1A","10P11V2","10P12V1","10P12V1A","10P13V1","10P13V2","10P14V1","10P14V1A","10P14V2","10P14V2A","10P14V3","10P14V3A","10P15V1","10P15V1A","10P15V2","10P15V2A","10P15V3","10P15V3A","10P16V1","10P16V2","10P17V1","10P17V3A","10P17V3","10P18V1","10P18V1A","10P18V2","10P18V3","10P18V3A","10P1V1","10P1V2","10P2V1","10P2V1A","10P2V2","10P2V2A","10P2V2B","10P2V3","10P2V3A","10P3V1","10P3V1A","10P3V2","10P3V2A","10P2V3B","10P3V3A","10P4V1","10P4V1A","10P4V2","10P4V2A","10P4V3","10P4V3A","10P5V1","10P5V2","10P6V1","10P6V1A","10P6V2","10P6V2A","10P6V3","10P6V3A","10P7V1","10P7V1A","10P7V2","10P7V3","10P7V3A","10P8V1","10P8V1A","10P8V2","10P8V2A","10P9V1","10P9V1A","10P9V1B","10P9V2","10P9V2A","10P9V3","10P9V3A"
"10P10V1",0,0.180369648678511,0.963062764270252,0.232077098353386,0.974245283018868,0.228128147171069,0.950145204940641,0.981885212487345,0.980990998145051,0.987834497115843,0.93189570137842,0.996778350515464,0.925497846329204,0.967240986014096,0.887779359486458,0.966942146620294,0.504019205249574,0.985521058612221,0.735147234961686,0.967846055989316,0.741095352406754,0.980665950590763,0.990731581954731,0.96656195102484,0.990194006509151,0.995726290516207,0.193128626208449,0.229120192110059,0.970979495914275,0.528953866487017,0.205988965403363,0.959671487511568,0.993086337117099,0.999394428744449,0.538703354584547,0.751931585977915,0.819093540863035,0.697400458273677,0.998824749395092,0.707696367001976,0.837792229790587,0.393607247988311,0.99919611070704,0.221538153602134,0.989417420893885,0.996204207269421,0.999161966156326,0.951702360179444,0.965054707359128,0.93840668588816,0.994090270290236,0.936782971667441,0.98182301826565,0.236367111684414,0.992739071022689,0.898160056381215,0.968955321410604,0.972299526899124,1,0.880623467605554,0.969793269969043,0.960513869135392,0.999042741588092,0.992784596682483,0.967149854473304,0.994522909957654,0.934994590093152,0.997676665912782,0.912469199330906,0.964975809204314,0.520532920940442,0.984912445924102,0.997699567842733,0.994736842105263,1,0.988476143637011,0.999829112409857
"10P10V2",0.180369648678511,0,0.926376098038021,0.221276805326517,0.967103742771746,0.221931889162384,0.87318809762591,0.981191617841387,0.980741340770239,0.987614653670418,0.847191189431057,0.993293111527647,0.798480929189367,0.945484115084164,0.794862256443662,0.951575011074756,0.439411682631984,0.985521058612221,0.670450352929241,0.955497757259502,0.652430434173509,0.980248239646736,0.979074475682067,0.927577730354682,0.990125960782422,0.990808304813488,0.238774637007197,0.207853232928083,0.9710226170199,0.451890544618169,0.216914162462992,0.915748901981418,0.991936605032671,0.999326383017721,0.5173960632844,0.751729220179337,0.798054378325733,0.711050094295448,0.995679225717249,0.669236423016326,0.861086359530811,0.311860933223182,0.995950788250993,0.251117881112575,0.987352524775838,0.993502514856153,0.99577401712581,0.835421480510249,0.940582896800864,0.849127330293041,0.979166370285074,0.844373442170386,0.971718227846488,0.304484372547091,0.987141879983618,0.81021088178008,0.950171614045531,0.90274021060656,1,0.809227406387786,0.950149823944531,0.98664955729348,0.998421678179779,0.983661997137517,0.920129786430983,0.99463718250406,0.925077928102206,0.997676665912782,0.78979504307599,0.943395576399549,0.501468778019201,0.934490059402381,0.997002269710077,0.986507793300996,1,0.946436569778695,0.999761066683128
"10P10V2A",0.963062764270252,0.926376098038021,0,0.966068114246405,0.748969339255676,0.97770898144708,0.98013781550687,0.830281353040881,0.848353017023442,0.838328968846657,0.938552070205162,0.87529005371989,0.929068172536879,0.822932669883628,0.936325966089543,0.866540076969779,0.96357442398732,0.800303221854974,0.928488407195565,0.822688336735543,0.922203205227945,0.854404419251616,0.847281140514024,0.815108489342012,0.833132669403779,0.825428191503768,0.958075060882152,0.937463762118417,0.824926590209106,0.922794460868212,0.931844495663756,0.839738238595908,0.828579492392841,0.746349819616338,0.988826558259218,0.993514913673829,0.990903315719126,0.990074917775401,0.913393149826839,0.988901103238493,0.992218314361162,0.928240236502256,0.918109244425486,0.974203619147747,0.879020890685064,0.885613629008815,0.922430073470014,0.928200286044372,0.816761523798972,0.926341393070528,0.866598702605397,0.928240236502256,0.865651111989224,0.987452648710967,0.849087209497909,0.925106711738642,0.831729672374537,0.974334295899186,0.845811926360471,0.963505648405312,0.831363080183859,0.993326667676736,0.987990700965095,0.867317168395334,0.974937830136927,0.934464308338874,0.986063361651986,0.935850549076588,0.925236541068888,0.807597608020439,0.987880295122098,0.991592247767433,0.914586360962189,0.997448265131477,0.992220320522795,0.994056997645254,0.68027525031921
"10P11V1",0.232077098353386,0.221276805326517,0.966068114246405,0,0.972997916942602,0.0861258154791003,0.860042041288732,0.979294124321146,0.980426489241064,0.987452961043605,0.826456195622931,0.993452135450652,0.826955848836379,0.965203616555572,0.779609329137774,0.965191383635692,0.411559654018018,0.986684231075732,0.666775337653428,0.96820654267167,0.672786269972074,0.98073457719724,0.991152740322924,0.971215584235853,0.990194006509151,0.997916971511004,0.221278010290795,0.248693658205818,0.973410125592353,0.501399617025904,0.236758034083615,0.963529537167115,0.992568699573284,0.999394428744449,0.522867522990083,0.757363123507239,0.812583005706781,0.737647471312897,0.997573951692475,0.690411568301661,0.888219032690169,0.35196789303145,0.997715574650882,0.238010246149112,0.988074923863759,0.994710330886654,0.9984727510957,0.876047711756429,0.967505039443397,0.940339114907843,0.988488149364266,0.857715642416818,0.981735673012036,0.27814876122923,0.995864342095546,0.845499384044874,0.963017797864268,0.89421121362939,0.998463368692376,0.796437312794677,0.964906222948,0.987162889997229,0.999042741588091,0.991091707629019,0.923578338493899,0.994975942420196,0.861335389386037,0.995940865019356,0.845610896231473,0.970279531959941,0.505437934879937,0.927314381588435,0.997030321403748,0.99531934146417,1,0.910431094667306,0.999384804675485
"10P11V1A",0.974245283018868,0.967103742771746,0.748969339255676,0.972997916942602,0,0.975249373490017,0.979870542896696,0.673396827449929,0.787175930529316,0.763126738411206,0.957097896870589,0.759079525560998,0.956493631273503,0.787414333506857,0.950352581906589,0.817538751532675,0.970747494809064,0.788518790809555,0.960809168919096,0.817907040336786,0.961578721280285,0.848861619457449,0.717094519961227,0.531729206368785,0.749859333916568,0.61928401549299,0.972513591029567,0.974864735936931,0.800393459748685,0.963399463837425,0.968784826273896,0.661419218920115,0.700157398833772,0.811951729496272,0.993305219739811,0.994219384034258,0.992551852512392,0.99404078877922,0.730370510470948,0.990468012550517,0.994298849142846,0.963679245283019,0.621076182414253,0.979725177572766,0.613637707355731,0.691198653808597,0.700809526705487,0.961490562032172,0.72467657675368,0.960751704236408,0.754308877061187,0.961226415094339,0.781735420772451,0.989023912191297,0.664273497480569,0.960288511721627,0.695175333287953,0.981022115212257,0.58680603279768,0.968250504115755,0.773607551315469,0.994138523015749,0.98439310719759,0.82516231697906,0.981459022117084,0.881923016935059,0.990269429616241,0.735688083573303,0.959827101704066,0.583609825560698,0.990916136320579,0.993848027704982,0.888181553373739,0.996698113207547,0.961428421401812,0.994528301886793,0.836075040932415
"10P11V2",0.228128147171069,0.221931889162384,0.97770898144708,0.0861258154791003,0.975249373490017,0,0.834883601232921,0.980014028968368,0.984857704279319,0.986842278514368,0.83620045009895,0.991498431917984,0.818153144782141,0.971852229122102,0.763467263131435,0.968632061194248,0.396911436234748,0.986073548546495,0.642875810620423,0.979303453571976,0.649912378654026,0.98400582269746,0.98975659603878,0.982611140493541,0.989756987650106,0.997046700079837,0.199420594577751,0.23108253970874,0.985281897038032,0.480062542594058,0.204244423728489,0.974989258459737,0.991698428142117,0.999394428744449,0.519588294634672,0.754259079230328,0.807545925178971,0.731021878027937,0.996401489175838,0.684181143813232,0.882936958932639,0.329232924038499,0.996228501985239,0.220572315193098,0.9867284372446,0.990955473052698,0.997010488696414,0.859952264093858,0.979056963112629,0.924682990718707,0.987731282728774,0.841547527188915,0.985195948145373,0.263907553377839,0.994652322817632,0.828448969575302,0.969074760721507,0.872463662407317,0.998160817174576,0.780592236632069,0.974235458666725,0.975823836624571,0.997511128129039,0.990459404776472,0.905689628429362,0.994881369059133,0.852509957961265,0.993003925804536,0.833204623974733,0.981632963126489,0.502366531756351,0.922720222703262,0.996748972305012,0.992474464752465,0.9996974484822,0.907250911154568,0.999384804675485
"10P12V1",0.950145204940641,0.87318809762591,0.98013781550687,0.860042041288732,0.979870542896696,0.834883601232921,0,0.984387715167898,0.985092452349627,0.986148670138344,0.661559210110476,0.993139252087185,0.685515230812768,0.98152626588094,0.561048921932875,0.980396151960312,0.76161234806434,0.988777323968281,0.70706730646391,0.977091749388336,0.640604999103621,0.985689868616401,0.989140006219799,0.984978632848771,0.988790231179264,0.995117815450347,0.890572331740983,0.92030193457512,0.986831109269985,0.826275013010337,0.912763027656672,0.979267780298223,0.993038344759995,0.999394428744449,0.955763486174067,0.98630886580954,0.969490425693657,0.97158326429392,0.996749810346348,0.939821377392002,0.992156996556971,0.786101977671205,0.99572426921662,0.894388891099305,0.987231686798472,0.994594886642217,0.995660473296009,0.684487544728251,0.977010058275628,0.867058880654864,0.985029411885663,0.713540043877242,0.983250756486379,0.971037536100641,0.995503659223591,0.600368020046701,0.971216366206944,0.469030159824374,1,0.537268585139473,0.971790204777045,0.985930712225849,0.999090604508687,0.993196164040804,0.877019093526726,0.995740041078175,0.688064284829626,0.997676665912783,0.648193564431164,0.982030896286188,0.956840874557387,0.916073791938007,0.99576756323348,0.993197511600089,0.998765293523403,0.798038602864193,0.999829112409857
"10P12V1A",0.981885212487345,0.981191617841387,0.830281353040881,0.979294124321146,0.673396827449929,0.980014028968368,0.984387715167898,0,0.7188319976036,0.654687611289306,0.979861765801898,0.605340863501555,0.973927223351817,0.679101217059181,0.977108521869468,0.697752500668036,0.980849835137199,0.742088170476691,0.980536900505767,0.724186095646049,0.98015332415399,0.77998435787473,0.590302330482451,0.633136891754323,0.691201070010793,0.649102635186076,0.980793949442075,0.981061721895652,0.821046484263886,0.980750759433661,0.981352806393324,0.677316258709665,0.682326460730906,0.804974938225099,0.996009987543395,0.996991435974167,0.98979413628783,0.995368034682534,0.725979563581981,0.987253258963129,0.998659972054882,0.980849835137199,0.68670199488727,0.982378625141076,0.581820960958088,0.659214901855198,0.703968790113429,0.981103254355285,0.660162248111582,0.978244674692822,0.676571662750921,0.981071670617254,0.664011960979092,0.987961012957057,0.629276301277852,0.980667845543052,0.68880564345199,0.996562855780475,0.667317929881937,0.984867173452746,0.696382095399015,0.999068571747918,0.987613681379885,0.876999386569337,0.997569410188114,0.927489015576662,0.988831201977461,0.825685870494477,0.97989261920399,0.653268180131579,0.994706431549837,0.995566486468896,0.822589751536466,1,0.854309240258799,0.999180343138168,0.825715954300286
"10P13V1",0.980990998145051,0.980741340770239,0.848353017023442,0.980426489241064,0.787175930529316,0.984857704279319,0.985092452349627,0.7188319976036,0,0.403124130120052,0.980809386496967,0.705408542985706,0.975593315716868,0.757732017601926,0.979532526842084,0.807051247912762,0.980908819727553,0.874319522545641,0.980496451865535,0.81824495459898,0.980317789729216,0.824923962771316,0.789550387165914,0.788247876019588,0.783257871206582,0.747682115900949,0.980809386496967,0.980784069228551,0.923953637755376,0.980908819727553,0.980908819727553,0.888966917648889,0.787307532200153,0.737679856763694,0.996683758000418,0.997534806475899,0.99582007314872,0.996084655850807,0.817234432246392,0.993558106914645,0.998857287963433,0.980809386496967,0.793228068549126,0.98351785685081,0.727818604005931,0.760970980955884,0.813316955027041,0.980908819727553,0.855923372298478,0.978017399047422,0.870698908356623,0.980762492539962,0.865945637324836,0.988205806544666,0.786119583006309,0.980720539728028,0.732937792464227,0.998191998450128,0.804535605362115,0.985655755532851,0.731295158974419,0.999237590786887,0.994391624086934,0.923136159263361,0.998207191565979,0.9292825545774,0.98913280036492,0.942524165634314,0.980075710781633,0.890392904505078,0.99538020200686,0.995824138089626,0.948884574490008,1,0.949531632160118,1,0.779501834247275
"10P13V2",0.987834497115843,0.987614653670418,0.838328968846657,0.987452961043605,0.763126738411206,0.986842278514368,0.986148670138344,0.654687611289306,0.403124130120052,0,0.987682699397146,0.672284680707959,0.982466628617046,0.739959156828252,0.986405839742263,0.801831337990146,0.987682699397146,0.82725926433996,0.987369764765714,0.833751074373745,0.986945304245519,0.829703009353735,0.80301327099134,0.742804670214074,0.752399155643442,0.722360756246811,0.987682699397146,0.987557948898144,0.913226670896252,0.987747755562302,0.987682699397146,0.849298816660688,0.768364492590462,0.743907640276229,0.997302910302853,0.998153958778333,0.995668275430023,0.996803241383827,0.792102473886797,0.994223709431721,0.998941508824609,0.987747755562302,0.788142862790799,0.987682699397146,0.697481583776871,0.727203226727135,0.783530818781203,0.987682699397146,0.837893371671395,0.984791278717015,0.8452772824438,0.987536372209555,0.845657849580286,0.98815566358334,0.736363522098895,0.987593852628207,0.766937163141246,0.998746094587406,0.764643477187598,0.987561597368687,0.7475495064433,1,0.987502238313415,0.906620132475792,0.999327752960055,0.909355372931609,0.989618198927018,0.907947529116322,0.986949023681812,0.84926354007267,0.995999354309295,0.99647766745749,0.934698360259418,0.999934943834844,0.935624154542418,0.999934943834844,0.770600791005947
"10P14V1",0.93189570137842,0.847191189431057,0.938552070205162,0.826456195622931,0.957097896870589,0.83620045009895,0.661559210110476,0.979861765801898,0.980809386496967,0.987682699397146,0,0.991863036603497,0.232338782542346,0.945433264630577,0.487905094958663,0.95014010557364,0.552001398794799,0.986144202925113,0.504394625163966,0.959269984275881,0.513576107497755,0.981083661534789,0.96357798142148,0.958358270349485,0.99002493765586,0.993373349339736,0.864092914444179,0.90218017123525,0.97151850973459,0.80816945524361,0.891760343175914,0.950817383824654,0.991812047128991,0.999394428744449,0.948641826294482,0.977073232848741,0.957047202384748,0.963512412170006,0.992913930176288,0.928118866223233,0.981497535086784,0.776986783055593,0.990161926271868,0.908766991127565,0.988002732762988,0.992002538294082,0.995842062852538,0.323030471397673,0.942141432054977,0.498724291884189,0.958738693198194,0.370541928473888,0.96118197587638,0.89768381659832,0.99297748625155,0.565785942327825,0.930059252311166,0.700103741803386,0.999067816359823,0.691191570158637,0.94757621532546,0.619142063378444,0.997128224764275,0.960616488634646,0.532503226823373,0.995182189314603,0.786762864967346,0.996744482272605,0.630537073791431,0.933774004980108,0.950545495562291,0.542501055968523,0.997002269710077,0.61810688881138,1,0.772048252259404,0.999384804675485
"10P14V1A",0.996778350515464,0.993293111527647,0.87529005371989,0.993452135450652,0.759079525560998,0.991498431917984,0.993139252087185,0.605340863501555,0.705408542985706,0.672284680707959,0.991863036603497,0,0.985532336878978,0.340736319904251,0.988049044950349,0.440823843467321,0.993088097469541,0.78998563841992,0.992775162838108,0.749792599942249,0.992479349811443,0.822304487202073,0.632616494453458,0.655869553124433,0.688104779896953,0.61573445170008,0.993263823805061,0.993470630591363,0.901417940642081,0.992866790903505,0.993293111527648,0.816538623970177,0.730065008076294,0.716520172087422,0.994454149912412,0.995305198387892,0.994083880037488,0.995317298957658,0.78169724468233,0.992755300145097,0.995940950715471,0.993380974695408,0.762620667479967,0.992970946579194,0.657561538033994,0.716646276820232,0.740772548289578,0.993347526487193,0.830337365737444,0.990491106117958,0.853142709954926,0.993224959217182,0.852748555381395,0.996778350515464,0.648408563878127,0.992706373474734,0.691422982696761,0.994543494560256,0.683370814378822,0.992933756580383,0.693707316020013,0.996807638238051,0.988989190067426,0.846179200729288,0.996449637858637,0.92741756578101,0.996743913343775,0.883148730576394,0.992139050629125,0.677693509860137,0.993468837863168,0.996661199625117,0.88543150765244,0.999707122774133,0.921609892442849,0.999707122774133,0.740836235059067
"10P14V2",0.925497846329204,0.798480929189367,0.929068172536879,0.826955848836379,0.956493631273503,0.818153144782141,0.685515230812768,0.973927223351817,0.975593315716868,0.982466628617046,0.232338782542346,0.985532336878978,0,0.932423488495761,0.530039988204309,0.940477450207286,0.556846883281155,0.979289615483303,0.47902424828721,0.956300737771633,0.523514909342873,0.974853149890624,0.971113745060015,0.921497238601569,0.99002493765586,0.991692677070828,0.848373744770646,0.857380597162942,0.971475388628964,0.711927113540897,0.834180228455466,0.870098508088409,0.992171386827169,0.999064297682417,0.949944909618586,0.979390660510459,0.955335821734044,0.963379942557722,0.995333563774628,0.920148982116445,0.980640693894582,0.729981408913353,0.990534800099968,0.912056346215749,0.9829110016044,0.989439008814386,0.990625992072439,0.323239465727615,0.939818713770888,0.408955819727651,0.967748334366991,0.369312909147671,0.970286323682916,0.897677488507822,0.984716496897457,0.501613679575292,0.943551445696326,0.743112376952757,0.998463368692376,0.744675191364324,0.946110934590881,0.63627029920044,0.997128224764275,0.970071104503536,0.559731639726077,0.994979334127849,0.823429486811632,0.996026010602624,0.621160824618467,0.942444804912933,0.951000378453705,0.563532723963957,0.997002269710077,0.634941071605427,1,0.805633858806302,0.999498981347825
"10P14V2A",0.967240986014096,0.945484115084164,0.822932669883628,0.965203616555572,0.787414333506857,0.971852229122102,0.98152626588094,0.679101217059181,0.757732017601926,0.739959156828252,0.945433264630577,0.340736319904251,0.932423488495761,0,0.938912320330509,0.418076933225517,0.968699659449784,0.808784464197767,0.942852468901085,0.737206661254654,0.943654702627141,0.810042957646314,0.683756751405143,0.680432989088724,0.626003152124529,0.717645803449685,0.961364901936125,0.948847834590001,0.874560734935392,0.945259275129885,0.946074390337573,0.820304298218903,0.733581669951109,0.757789150051202,0.992316625345495,0.993562519611744,0.988261821760006,0.992843245377736,0.817017318243541,0.974429195010839,0.994757596939324,0.947713679336292,0.859765005204124,0.977473859043149,0.756656019996886,0.769088596025981,0.844859211676182,0.942575968191844,0.791059909592231,0.943243264081651,0.841628851372584,0.943429531907524,0.846212006410388,0.987612855948188,0.736526728240981,0.941284105111333,0.713995279072173,0.98541011903017,0.725852648999814,0.973528087849089,0.748652517528864,0.99566589326381,0.99658240462445,0.831846610442269,0.991512766434305,0.94262632990951,0.988103693255255,0.934938151418432,0.941700374863984,0.700373314269815,0.990259271898066,0.990893501163515,0.898659121132505,0.994983600231526,0.934267545490327,0.994115377194675,0.777292622535123
"10P14V3",0.887779359486458,0.794862256443662,0.936325966089543,0.779609329137774,0.950352581906589,0.763467263131435,0.561048921932875,0.977108521869468,0.979532526842084,0.986405839742263,0.487905094958663,0.988049044950349,0.530039988204309,0.938912320330509,0,0.9344727967324,0.675071218530318,0.982857546502395,0.561040369669771,0.950424088088999,0.500357464546628,0.978971379991853,0.948164843431377,0.955655238182203,0.99002493765586,0.991692677070828,0.815291479739201,0.843958961978272,0.97151850973459,0.729847361515088,0.820685229521037,0.946893180514118,0.991589044904769,0.999394428744449,0.898656319344321,0.927626481147257,0.880122658030056,0.909541630487973,0.993017628759074,0.851446025767478,0.923903589295753,0.695450237702711,0.988808505731941,0.850050259593086,0.986075665120955,0.988378438020194,0.994565203197655,0.58669075793491,0.932435903622664,0.776361843039082,0.945109035850804,0.64145928227003,0.947647025166728,0.905517369417128,0.985531767306787,0.47442931149866,0.909038332100984,0.601556139798825,0.998463368692376,0.577833782661356,0.942183985702058,0.9408054196802,0.99770257981142,0.951433609740649,0.846014605590892,0.994979334127849,0.780419156582096,0.995305355125143,0.556344533751907,0.910318181243783,0.900592361669931,0.874977971822829,0.997002269710077,0.933737796019548,1,0.76081851821656,0.999384804675485
"10P14V3A",0.966942146620294,0.951575011074756,0.866540076969779,0.965191383635692,0.817538751532675,0.968632061194248,0.980396151960312,0.697752500668036,0.807051247912762,0.801831337990146,0.95014010557364,0.440823843467321,0.940477450207286,0.418076933225517,0.9344727967324,0,0.971495530791641,0.80857908910857,0.952431973225018,0.748244378057483,0.951516162689087,0.83136592115363,0.747889777703613,0.743086924534964,0.706863172995195,0.716122460623435,0.963269003490376,0.953346160895151,0.875805951762372,0.95303519843316,0.952938894277401,0.856579186708564,0.717741924435372,0.829405148119244,0.992379535124364,0.994859106707592,0.989858016185008,0.992485415067927,0.791974138720072,0.978107400391994,0.996607045480407,0.953094083414161,0.870363601455221,0.977976344174853,0.798482493389219,0.795809069729132,0.843244903557799,0.953865109574559,0.804522751906591,0.950547053092439,0.860475169812671,0.953276974894267,0.836630293496054,0.988084716782487,0.759427168810751,0.951335782589515,0.737093607514381,0.992513127118651,0.822809626088145,0.980458878020834,0.769072413516607,0.997400581959263,0.997705502652817,0.929297678404502,0.99365922636926,0.964180082970428,0.987110700233414,0.93053253933059,0.952409735115314,0.767771448914204,0.991407709102609,0.994046131762226,0.896317536938189,1,0.9328811476481,0.999650824442289,0.851164858324575
"10P15V1",0.504019205249574,0.439411682631984,0.96357442398732,0.411559654018018,0.970747494809064,0.396911436234748,0.76161234806434,0.980849835137199,0.980908819727553,0.987682699397146,0.552001398794799,0.993088097469541,0.556846883281155,0.968699659449784,0.675071218530318,0.971495530791641,0,0.986976588022085,0.355111308947497,0.965184093383034,0.460696402225639,0.98098534600749,0.97808998967824,0.975106388445177,0.990194006509151,0.993373349339736,0.446312477123792,0.459162005237302,0.976659542084184,0.445967750336725,0.452073089281856,0.962430369132278,0.991936605032671,0.999394428744449,0.52505189219313,0.760451002262979,0.811711011433389,0.740442023283286,0.993155893536122,0.685511642860582,0.891330469977514,0.35767410964443,0.990085365386824,0.464785069007272,0.987478370300456,0.995117280854529,0.995842062852538,0.571668462235247,0.964464552628317,0.669435711980751,0.982655473424152,0.538988818551711,0.97533419346392,0.455389163552014,0.992341272880447,0.731814274159827,0.951761055341176,0.782689588772618,1,0.711163754417675,0.958828046241763,0.759478432544224,0.997128224764275,0.988734890887165,0.658301173281463,0.994725765144407,0.818800897583999,0.997676665912782,0.750984216210295,0.967637002537568,0.512898026457468,0.71596922191601,0.997002269710077,0.785180572851805,1,0.843888969863126,0.999384804675485
"10P15V1A",0.985521058612221,0.985521058612221,0.800303221854974,0.986684231075732,0.788518790809555,0.986073548546495,0.988777323968281,0.742088170476691,0.874319522545641,0.82725926433996,0.986144202925113,0.78998563841992,0.979289615483303,0.808784464197767,0.982857546502395,0.80857908910857,0.986976588022085,0,0.984334045932817,0.582117106086628,0.984039762053406,0.745603616757712,0.756988772585259,0.710540942679948,0.762530390085322,0.805477590325012,0.988349021717827,0.988785562252814,0.850670199719531,0.986400791759833,0.988177337291677,0.838335856773495,0.750200503502399,0.84266658263169,0.994904346256634,0.996048639114652,0.990505018715231,0.99347427982037,0.867649844566159,0.988431474641377,0.994925317253394,0.988013635863788,0.888664281730037,0.988123602507239,0.797364377889533,0.81704110355628,0.909433010745806,0.987305835722739,0.780911245217562,0.987268270008043,0.802167144451963,0.988979095292092,0.79693149902359,0.989690297884784,0.809825080382736,0.986165322799625,0.818515554545481,0.995328359049385,0.866802493392708,0.986525143181087,0.81245457634145,0.996841924737881,0.962028049053969,0.852098667960736,0.994207347172667,0.745101177784103,0.988515340474642,0.907546991725345,0.986326915905208,0.778251111877338,0.993894034645614,0.994549284171059,0.898355836131388,0.997873978226605,0.963439957239834,0.994235669262966,0.816455821347301
"10P15V2",0.735147234961686,0.670450352929241,0.928488407195565,0.666775337653428,0.960809168919096,0.642875810620423,0.70706730646391,0.980536900505767,0.980496451865535,0.987369764765714,0.504394625163966,0.992775162838108,0.47902424828721,0.942852468901085,0.561040369669771,0.952431973225018,0.355111308947497,0.984334045932817,0,0.955449789729544,0.283288335819734,0.979935305015303,0.955238566441178,0.949646025284689,0.99002493765586,0.991692677070828,0.683491191998019,0.684208576356791,0.971475388628965,0.55071372708935,0.673701591816159,0.939308927258723,0.990511608508272,0.999394428744449,0.785384855211863,0.817088059573252,0.807291560071551,0.80221098559473,0.99526381842508,0.759835942564002,0.887918076146897,0.524448415982683,0.99525706381978,0.74269626580483,0.987165435669023,0.991107949823632,0.995529128221106,0.529642785872725,0.942805995173596,0.597135481002322,0.955218864487465,0.45406547059624,0.95105111284145,0.734292119028654,0.988481745759446,0.544087377275509,0.924874302327933,0.721882408649928,1,0.694335995809432,0.945128222121802,0.735405645399965,0.997128224764275,0.958846143315768,0.65020123041401,0.994522909957654,0.769829540734569,0.997676665912782,0.636530532746528,0.924876914771432,0.787447624407065,0.717501242700702,0.997002269710077,0.795088662287514,1,0.848866411316511,0.999724800866046
"10P15V2A",0.967846055989316,0.955497757259502,0.822688336735543,0.96820654267167,0.817907040336786,0.979303453571976,0.977091749388336,0.724186095646049,0.81824495459898,0.833751074373745,0.959269984275881,0.749792599942249,0.956300737771633,0.737206661254654,0.950424088088999,0.748244378057483,0.965184093383034,0.582117106086628,0.955449789729544,0,0.948079338644707,0.629518811231941,0.636271890608953,0.699297078260675,0.830731359895887,0.808753899942181,0.966473804759968,0.966893401554539,0.849122046015718,0.962879079205859,0.965540715085499,0.855277113356116,0.800949541833451,0.880883054235225,0.989585689805675,0.9924870756098,0.981992223268405,0.989272722492375,0.886880372591253,0.977713994676019,0.991346492290183,0.962932978940376,0.865032434413105,0.97612064286987,0.776820369578748,0.829531326296472,0.905682738821251,0.961454418610696,0.720974314593462,0.961410432515556,0.733333564639459,0.96435994174418,0.783691003593169,0.987730862413128,0.704477462092611,0.953630411136053,0.763399660868406,0.985976802616075,0.789926510273997,0.967215767193726,0.765462192182169,0.992031175585484,0.951714586405612,0.879633671390484,0.988332840391188,0.862196371363505,0.985928042917289,0.882076956175778,0.954861792967233,0.770363829036282,0.987451721723674,0.989373776379163,0.956606188510179,0.988010977899755,0.985362800327411,0.990524118724488,0.89776089962297
"10P15V3",0.741095352406754,0.652430434173509,0.922203205227945,0.672786269972074,0.961578721280285,0.649912378654026,0.640604999103621,0.98015332415399,0.980317789729216,0.986945304245519,0.513576107497755,0.992479349811443,0.523514909342873,0.943654702627141,0.500357464546628,0.951516162689087,0.460696402225639,0.984039762053406,0.283288335819734,0.948079338644707,0,0.979756642878985,0.96063935771737,0.933696491000409,0.99002493765586,0.991692677070828,0.716616310371224,0.676801442127574,0.970979495914275,0.549270640280188,0.671196944627801,0.923392883203166,0.990544401773297,0.999394428744449,0.790592741589828,0.818486160884117,0.779825640850468,0.803539162908968,0.99433114414103,0.748705933169187,0.873484442578903,0.546231777300822,0.994838189244575,0.76023947181052,0.986986773532705,0.991465558050528,0.995350466084787,0.512569040747011,0.9351944213929,0.643323592888185,0.959060003735625,0.536168428325156,0.956249883229149,0.748080720873376,0.98647253055872,0.467063735407743,0.928945657345061,0.644824687168071,1,0.581459144376607,0.942357728426321,0.825758520345806,0.997128224764275,0.965082550854923,0.735886078749514,0.994522909957654,0.711226525037475,0.997676665912782,0.61601172437327,0.924783739369359,0.792727203511041,0.788462760712944,0.997002269710077,0.858447507459018,1,0.758393177799096,0.999829112409857
"10P15V3A",0.980665950590763,0.980248239646736,0.854404419251616,0.98073457719724,0.848861619457449,0.98400582269746,0.985689868616401,0.77998435787473,0.824923962771316,0.829703009353735,0.981083661534789,0.822304487202073,0.974853149890624,0.810042957646314,0.978971379991853,0.83136592115363,0.98098534600749,0.745603616757712,0.979935305015303,0.629518811231941,0.979756642878985,0,0.798782260310274,0.797643450212025,0.86266755874246,0.888186151653644,0.981083661534789,0.98083956505178,0.913978649968141,0.980248239646736,0.980248239646736,0.898001591735268,0.845212842271647,0.902541037167192,0.995463508505485,0.996433902964973,0.99379119142059,0.994247763682413,0.922796584567933,0.992005911609781,0.997309601181362,0.981083661534789,0.901360071365819,0.98251638657047,0.828138983833434,0.882426638189609,0.943523685850211,0.980902677166811,0.841819941330244,0.980247188957079,0.852453133309097,0.981105979967268,0.869020909589946,0.98718843551918,0.775951648030751,0.980935141773846,0.801770753470066,0.997225308071415,0.85386436250237,0.983697761335999,0.863163076994483,0.99922425110395,0.969207450870374,0.927282144684352,0.997449193675456,0.894489101667735,0.988276588459004,0.926340927045162,0.979996966221584,0.847519647157359,0.994159952511927,0.994787337951204,0.94276442394296,0.999283924095954,0.96237409618625,0.998861786372105,0.918041100319312
"10P16V1",0.990731581954731,0.979074475682067,0.847281140514024,0.991152740322924,0.717094519961227,0.98975659603878,0.989140006219799,0.590302330482451,0.789550387165914,0.80301327099134,0.96357798142148,0.632616494453458,0.971113745060015,0.683756751405143,0.948164843431377,0.747889777703613,0.97808998967824,0.756988772585259,0.955238566441178,0.636271890608953,0.96063935771737,0.798782260310274,0,0.565731684233448,0.690200467282476,0.62514221459193,0.986170569224599,0.989066061425536,0.7948200269561,0.969591762530237,0.982234862286044,0.761274493550632,0.688133395321119,0.792476156988379,0.989906499311472,0.99039357846289,0.985646382251632,0.988265392836104,0.773719706571418,0.98203170013704,0.987619912709118,0.965420694717889,0.72169319748304,0.983011923329856,0.653530513874864,0.70696311524741,0.770466951055966,0.975718341073456,0.745554962289182,0.967002518798179,0.734844164538445,0.959708331628805,0.727095534745541,0.994693513963883,0.672893469850831,0.948393829455672,0.703502823065556,0.962425922335442,0.726706653310938,0.969400903056524,0.747421659994021,0.995907066329602,0.986665056368167,0.864209983191326,0.977024268445426,0.920284531664904,0.992218321768314,0.852399767728002,0.950454250015997,0.629993424446852,0.989329542056602,0.992763926884354,0.844025314780867,0.996415770609319,0.851103775080754,0.995898456167296,0.808723366801576
"10P16V2",0.96656195102484,0.927577730354682,0.815108489342012,0.971215584235853,0.531729206368785,0.982611140493541,0.984978632848771,0.633136891754323,0.788247876019588,0.742804670214074,0.958358270349485,0.655869553124433,0.921497238601569,0.680432989088724,0.955655238182203,0.743086924534964,0.975106388445177,0.710540942679948,0.949646025284689,0.699297078260675,0.933696491000409,0.797643450212025,0.565731684233448,0,0.722036020400297,0.54892221174377,0.966842249174633,0.931956436137692,0.7169664804354,0.92697568339502,0.936108418025851,0.60602738970831,0.705201795049526,0.777915837291728,0.99523579879238,0.996650125548704,0.992470441878291,0.993797055857247,0.76767475380282,0.989964319465494,0.996624653755896,0.929873848564251,0.625387006261928,0.982169330873357,0.577382319687092,0.660264212648211,0.718191841683145,0.927861616309809,0.759546319474343,0.927888694067444,0.743590414619545,0.938014410911002,0.821443018809745,0.988042017701351,0.625236005903321,0.927623949362777,0.665884083269116,0.994265651630083,0.615135220847596,0.982160140871438,0.759394607513876,0.9995948026689,0.99247238143405,0.914448109100784,0.995205300083104,0.933682731560357,0.987532078178817,0.71246657699638,0.936508947428931,0.511187580694269,0.994202374352888,0.993123256716692,0.930794610666457,0.997974013344499,0.981806075150108,0.997433750236365,0.794300795881012
"10P17V1",0.990194006509151,0.990125960782422,0.833132669403779,0.990194006509151,0.749859333916568,0.989756987650106,0.988790231179264,0.691201070010793,0.783257871206582,0.752399155643442,0.99002493765586,0.688104779896953,0.99002493765586,0.626003152124529,0.99002493765586,0.706863172995195,0.990194006509151,0.762530390085322,0.99002493765586,0.830731359895887,0.99002493765586,0.86266755874246,0.690200467282476,0.722036020400297,0,0.639078150555205,0.99002493765586,0.989900187156858,0.749612217842464,0.99002493765586,0.99002493765586,0.74769985386088,0.582293961716952,0.747115138977652,0.997910101177641,0.998761149653122,0.99582007314872,0.997410432258615,0.698755373016777,0.994778949555821,0.999396901980701,0.990194006509151,0.783688095555945,0.990194006509151,0.730744473498693,0.713883312179312,0.753042714510109,0.989903626279886,0.69607373052964,0.987047205910651,0.74905425079675,0.989950127863165,0.700178298081836,0.989998004941138,0.770213318776691,0.989936090886921,0.792735373424361,0.99924927277406,0.740450250704245,0.989951802452233,0.827241881261774,0.99983093114671,0.985538212169544,0.865681041418125,0.999736520270577,0.903131623888834,0.990647723929217,0.896495713958832,0.98909349293615,0.743786132805932,0.996606545184083,0.996980845644144,0.742781232486274,1,0.888113895821698,1,0.712550652742273
"10P17V3A",0.995726290516207,0.990808304813488,0.825428191503768,0.997916971511004,0.61928401549299,0.997046700079837,0.995117815450347,0.649102635186076,0.747682115900949,0.722360756246811,0.993373349339736,0.61573445170008,0.991692677070828,0.717645803449685,0.991692677070828,0.716122460623435,0.993373349339736,0.805477590325012,0.991692677070828,0.808753899942181,0.991692677070828,0.888186151653644,0.62514221459193,0.54892221174377,0.639078150555205,0,0.993373349339736,0.994314440346997,0.846487144306851,0.991692677070828,0.992474039880927,0.702921848003602,0.704801244841048,0.749869110340947,0.994939162594877,0.994387677766845,0.9968787515006,0.995215790080866,0.716175460159868,0.995711405035805,0.993602797137138,0.993373349339736,0.62064306823675,0.993687052791017,0.663220093133998,0.603027974016355,0.601089312437304,0.991571365694854,0.789074113351836,0.987034273056711,0.794530746964427,0.992836816318567,0.822648330834372,0.998027287747714,0.669917981744279,0.991100365277901,0.704846938447403,0.992551594928671,0.598501440826157,0.99145047301391,0.725255027031411,0.996308334336503,0.992896595578834,0.916834462579981,0.993038842425188,0.959862231374787,0.997844995002751,0.758805411014458,0.989775836967215,0.603147671314877,0.995015777229449,0.996542617046819,0.905536783682682,0.998319327731092,0.945734130682248,0.998319327731092,0.77591646932535
"10P17V3",0.193128626208449,0.238774637007197,0.958075060882152,0.221278010290795,0.972513591029567,0.199420594577751,0.890572331740983,0.980793949442075,0.980809386496967,0.987682699397146,0.864092914444179,0.993263823805061,0.848373744770646,0.961364901936125,0.815291479739201,0.963269003490376,0.446312477123792,0.988349021717827,0.683491191998019,0.966473804759968,0.716616310371224,0.981083661534789,0.986170569224599,0.966842249174633,0.99002493765586,0.993373349339736,0,0.201848892118121,0.971518509734589,0.495449320326814,0.160867267972499,0.954166229861734,0.992253080682492,0.999394428744449,0.531492039939395,0.76467638170133,0.826325624951208,0.747466108783624,0.995031179840889,0.710596982101657,0.896652256369121,0.330042670436767,0.99512996270145,0.103433544342351,0.987478370300456,0.995885233090381,0.995745366639807,0.892262048556827,0.957760115795376,0.913563621931894,0.984215175861754,0.881640206186207,0.975974369377757,0.153516423812902,0.992341272880447,0.825261118204503,0.954841922720545,0.902123186855865,1,0.824022875853044,0.959578267924774,0.968629644555167,0.999042741588092,0.991343292282623,0.93373035034494,0.996196465248371,0.925363663342083,0.997676665912783,0.868152635600148,0.961268898967771,0.514529855767578,0.953731309095058,0.997002269710077,0.998945327118702,1,0.960111633884563,0.999384804675485
"10P18V1",0.229120192110059,0.207853232928083,0.937463762118417,0.248693658205818,0.974864735936931,0.23108253970874,0.92030193457512,0.981061721895652,0.980784069228551,0.987557948898144,0.90218017123525,0.993470630591363,0.857380597162942,0.948847834590001,0.843958961978272,0.953346160895151,0.459162005237302,0.988785562252814,0.684208576356791,0.966893401554539,0.676801442127574,0.98083956505178,0.989066061425536,0.931956436137692,0.989900187156858,0.994314440346997,0.201848892118121,0,0.970979495914275,0.309880464837934,0.0727900924236854,0.919208931293905,0.991965770715393,0.998937010248108,0.534128992802254,0.765526924347539,0.823249503542038,0.74760582062874,0.995221807220908,0.71612134235002,0.897316844219129,0.296849376364642,0.995894083478719,0.239601528611046,0.987353619801454,0.995755890572883,0.995620616140804,0.872220783768344,0.954248987431182,0.869892788219522,0.985906677549334,0.870597369790708,0.977914169296921,0.292187414012952,0.992158881287742,0.808063705852525,0.959268764318962,0.924317098047169,0.999833666001331,0.84835959325672,0.961192258895191,0.932889652859924,0.99891799108909,0.993150089896414,0.943987057355581,0.996071714749369,0.897695190790571,0.997385581415111,0.868376447154602,0.959446628281351,0.514908403720636,0.96112590671466,0.996877519211075,0.998211909514305,1,0.96726207851964,0.999371693913516
